w_obj = 0.6400683399434086
w_outros = 0.3227144026058709
w_lim = 0.037217257450720485
var_obj = 9.02790308154548
